%     Bm = 0.056602
%     F = 2.4558e-07
%     Jm = 0.012401
%     L = 0.11978
%     Vr = 0.77617
%     gamma = 3.025e-11

%% 3.4
    Bm = 0.054234
    F = 2.3552e-07
    Jm = 0.011829
    L = 0.1198
    Vr = 1.1125
    gamma = 3.0137e-11
    tau0 = 0.013786
    
    %% 2.7
     Bm = 0.052917
    F = 3.3702e-07
    Jm = 0.0065931
    L = 0.2032
    Vr = 1.3435
    gamma = 2.666e-11
    tau0 = 0.0061157
    
    %% 3.2 V2
        Bm = 0.0039345
    F = 8.1524e-07
    Jm = 0.00051721
    L = 0.14831
    Vr = 72.862
    gamma = -6.6269e-11
    tau0 = 0.43426